{
  "advancedEditorSelectedIdentifier" : "ProjectBrowser",
  "openSceneRelativePaths" : [
    "Untitled Scene.usda"
  ],
  "recentIdentifiers" : {
    "03E02005-EFA6-48D6-8A76-05B2822A74E9" : [

    ]
  },
  "sceneCameraHistory" : {
    "03E02005-EFA6-48D6-8A76-05B2822A74E9" : [
      {
        "date" : 709747236.776683,
        "title" : "Untitled",
        "transform" : [
          0.99697006,
          0,
          0.077786945,
          0,
          0.038893465,
          0.8660254,
          -0.49848494,
          0,
          -0.06736547,
          0.49999994,
          0.86340135,
          0,
          -0.8670258,
          6.2039948,
          9.38937,
          1
        ]
      },
      {
        "date" : 709747234.636508,
        "title" : "Untitled",
        "transform" : [
          0.99697006,
          0,
          0.077786945,
          0,
          0.038893465,
          0.8660254,
          -0.49848494,
          0,
          -0.06736547,
          0.49999994,
          0.86340135,
          0,
          -2.2628503,
          16.191803,
          24.505314,
          1
        ]
      },
      {
        "date" : 709747233.434521,
        "title" : "Untitled",
        "transform" : [
          0.99697006,
          0,
          0.077786945,
          0,
          0.038893465,
          0.8660254,
          -0.49848494,
          0,
          -0.06736547,
          0.49999994,
          0.86340135,
          0,
          -2.3864913,
          17.076515,
          25.84427,
          1
        ]
      },
      {
        "date" : 709747231.367648,
        "title" : "Untitled",
        "transform" : [
          0.99697006,
          0,
          0.077786945,
          0,
          0.038893465,
          0.8660254,
          -0.49848494,
          0,
          -0.06736547,
          0.49999994,
          0.86340135,
          0,
          -6.4536214,
          46.178825,
          69.888855,
          1
        ]
      },
      {
        "date" : 709747229.005538,
        "title" : "Untitled",
        "transform" : [
          0.99697006,
          0,
          0.077786945,
          0,
          0.038893465,
          0.8660254,
          -0.49848494,
          0,
          -0.06736547,
          0.49999994,
          0.86340135,
          0,
          -23.391615,
          167.37846,
          253.31718,
          1
        ]
      },
      {
        "date" : 709747227.309441,
        "title" : "Untitled",
        "transform" : [
          0.99697006,
          0,
          0.077786945,
          0,
          0.038893465,
          0.8660254,
          -0.49848494,
          0,
          -0.06736547,
          0.49999994,
          0.86340135,
          0,
          -33.969498,
          243.06839,
          367.86932,
          1
        ]
      },
      {
        "date" : 709747196.625617,
        "title" : "Untitled",
        "transform" : [
          0.99697006,
          0,
          0.077786945,
          0,
          0.038893465,
          0.8660254,
          -0.49848494,
          0,
          -0.06736547,
          0.49999994,
          0.86340135,
          0,
          -25.171707,
          259.54294,
          361.0868,
          1
        ]
      },
      {
        "date" : 709747190.309658,
        "title" : "Untitled",
        "transform" : [
          0.99697006,
          0,
          0.077786945,
          0,
          0.038893465,
          0.8660254,
          -0.49848494,
          0,
          -0.06736547,
          0.49999994,
          0.86340135,
          0,
          -16.180523,
          143.26483,
          429.12555,
          1
        ]
      },
      {
        "date" : 709747170.414711,
        "title" : "Untitled",
        "transform" : [
          0.99771833,
          0,
          0.067514524,
          0,
          0.03375726,
          0.8660254,
          -0.49885908,
          0,
          -0.05846929,
          0.49999994,
          0.8640494,
          0,
          0.24316972,
          5.456382,
          20.65154,
          1
        ]
      },
      {
        "date" : 709747137.428119,
        "title" : "Untitled",
        "transform" : [
          0.99999994,
          0,
          0,
          0,
          0,
          0.8660254,
          -0.49999994,
          0,
          0,
          0.49999994,
          0.8660254,
          0,
          0.24192563,
          0.65712214,
          1.002084,
          1
        ]
      }
    ]
  },
  "selectedSceneRelativePath" : "Untitled Scene.usda"
}